version https://git-lfs.github.com/spec/v1
oid sha256:a4bfd808b9a75f5f9cb93bc91767b27db18c96f9f1e101336dcfba48b7ad9150
size 2405
